HOMO: -14.42306
LUMO: 0.90053
target: 0.90053